INSERT INTO public."M_Employee" ("employeeID", "nameKanji1", "nameKanji2", "nameKana1", "nameKana2", "nameEng1", "nameEng2", birthday, sex, "employeeFlag", "enterDay", "leaveDay", "postNo1", "postNo2", address1, address2, "telNo1", "telNo2", mail1, mail2, "authFlag", "effectFlag", "registPeople", "registDateTime", "modifyPeople", "modifyDateTime")
VALUES ('R202404001', '金', '珉錫', 'キム', 'ミンソク', 'Kim', 'Minseok', '1999-03-02', 'M', 'Y', '2024-04-01', NULL, '123', '4567', 'Tokyo', 'Shinjuku', '123-4567-8901', '8901-2345-6789', 'kim@example.com', 'minseok@example.com', '01', 1, 'postgres', current_timestamp, 'postgres', current_timestamp);

INSERT INTO develop.combinedpayroll (
    employeeid,
    month,
    fixedworkdays,
    workdays,
    absentdays,
    holidayworkdays,
    lawholidayworkdays,
    specialleavedays,
    fixedworkhours,
    basicsalary,
    nontaxablecommutingallowance,
    housingallowance,
    normalovertimeallowance,
    holidayworkallowance,
    lawholidayworkallowance,
    absentdeduction,
    lateearlyleavededuction,
    healthinsurance,
    careinsurance,
    pensioninsurance,
    employmentinsurance,
    incometax,
    residenttax,
    other1,
    other1value,
    other2,
    other2value,
    other3,
    other3value,
    incometaxtable,
    netpay,
    banktransferpay,
    cashpay,
    inkindpay,
    effectflag,
    registpeople,
    registdatetime,
    modifypeople,
    modifydatetime
) VALUES (
    'R202404001',  -- employeeid
    '2024-07-01',  -- month
    20.5,  -- fixedworkdays
    22.0,  -- workdays
    2.0,   -- absentdays
    1.5,   -- holidayworkdays
    0.0,   -- lawholidayworkdays
    1.0,   -- specialleavedays
    160.0, -- fixedworkhours
    250000.0, -- basicsalary
    30000.0,  -- nontaxablecommutingallowance
    50000.0,  -- housingallowance
    15000.0,  -- normalovertimeallowance
    20000.0,  -- holidayworkallowance
    0.0,      -- lawholidayworkallowance
    0.0,      -- absentdeduction
    0.0,      -- lateearlyleavededuction
    15000.0,  -- healthinsurance
    10000.0,  -- careinsurance
    20000.0,  -- pensioninsurance
    10000.0,  -- employmentinsurance
    35000.0,  -- incometax
    15000.0,  -- residenttax
    'Other1', -- other1
    5000.0,   -- other1value
    'Other2', -- other2
    3000.0,   -- other2value
    'Other3', -- other3
    2000.0,   -- other3value
    'Table1', -- incometaxtable
    320000.0, -- netpay
    310000.0, -- banktransferpay
    5000.0,   -- cashpay
    5000.0,   -- inkindpay
    'Y',      -- effectflag
    'postgres', -- registpeople
    current_timestamp, -- registdatetime
    'postgres', -- modifypeople
    current_timestamp -- modifydatetime
);

INSERT INTO PremiumAmount (grade, monthlyAmount, nineHalfPrice, elevenHalfPrice, welfarePensionPremiumHalf, effectFlag, registPeople, registDateTime, modifyPeople, modifyDateTime)
VALUES
('A', 200000, 1500.00, 1800.00, 2500.00, '1', 'admin', current_timestamp, 'admin', current_timestamp),
('B', 250000, 1800.00, 2000.00, 2800.00, '1', 'admin', current_timestamp, 'admin', current_timestamp),
('C', 300000, 2000.00, 2200.00, 3000.00, '1', 'admin', current_timestamp, 'admin', current_timestamp);

 INSERT INTO TaxAmountTable (range_start, range_end, tax1, tax2, tax3, tax4, tax5, tax6, tax7, tax8, tax9, tax10) VALUES
(88000, 89000, 130, 0, 0, 0, 0, 0, 0, 0, 0, 3200),
(89000, 90000, 180, 0, 0, 0, 0, 0, 0, 0, 0, 3200),
(90000, 91000, 230, 0, 0, 0, 0, 0, 0, 0, 0, 3200),
(91000, 92000, 290, 0, 0, 0, 0, 0, 0, 0, 0, 3200),
(92000, 93000, 340, 0, 0, 0, 0, 0, 0, 0, 0, 3300),
(93000, 94000, 390, 0, 0, 0, 0, 0, 0, 0, 0, 3300),
(94000, 95000, 440, 0, 0, 0, 0, 0, 0, 0, 0, 3300),
(95000, 96000, 490, 0, 0, 0, 0, 0, 0, 0, 0, 3400),
(96000, 97000, 540, 0, 0, 0, 0, 0, 0, 0, 0, 3400),
(97000, 98000, 590, 0, 0, 0, 0, 0, 0, 0, 0, 3500),
(98000, 99000, 640, 0, 0, 0, 0, 0, 0, 0, 0, 3500),
(99000, 101000, 720, 0, 0, 0, 0, 0, 0, 0, 0, 3600),
(101000, 103000, 830, 0, 0, 0, 0, 0, 0, 0, 0, 3600),
(103000, 105000, 930, 0, 0, 0, 0, 0, 0, 0, 0, 3700),
(105000, 107000, 1030, 0, 0, 0, 0, 0, 0, 0, 0, 3800),
(107000, 109000, 1130, 0, 0, 0, 0, 0, 0, 0, 0, 3800),
(109000, 111000, 1240, 0, 0, 0, 0, 0, 0, 0, 0, 3900),
(111000, 113000, 1340, 0, 0, 0, 0, 0, 0, 0, 0, 4000),
(113000, 115000, 1440, 0, 0, 0, 0, 0, 0, 0, 0, 4100),
(115000, 117000, 1540, 0, 0, 0, 0, 0, 0, 0, 0, 4100),
(117000, 119000, 1640, 0, 0, 0, 0, 0, 0, 0, 0, 4200),
(119000, 121000, 1750, 120, 0, 0, 0, 0, 0, 0, 0, 4300),
(121000, 123000, 1850, 220, 0, 0, 0, 0, 0, 0, 0, 4500),
(123000, 125000, 1950, 330, 0, 0, 0, 0, 0, 0, 0, 4800),
(125000, 127000, 2050, 430, 0, 0, 0, 0, 0, 0, 0, 5100),
(127000, 129000, 2150, 530, 0, 0, 0, 0, 0, 0, 0, 5400),
(129000, 131000, 2260, 630, 0, 0, 0, 0, 0, 0, 0, 5700),
(131000, 133000, 2360, 740, 0, 0, 0, 0, 0, 0, 0, 6000),
(133000, 135000, 2460, 840, 0, 0, 0, 0, 0, 0, 0, 6300),
(135000, 137000, 2550, 930, 0, 0, 0, 0, 0, 0, 0, 6600),
(137000, 139000, 2610, 990, 0, 0, 0, 0, 0, 0, 0, 6800),
(139000, 141000, 2680, 1050, 0, 0, 0, 0, 0, 0, 0, 7100),
(141000, 143000, 2740, 1110, 0, 0, 0, 0, 0, 0, 0, 7500),
(143000, 145000, 2800, 1170, 0, 0, 0, 0, 0, 0, 0, 7800),
(145000, 147000, 2860, 1240, 0, 0, 0, 0, 0, 0, 0, 8100),
(147000, 149000, 2920, 1300, 0, 0, 0, 0, 0, 0, 0, 8400),
(149000, 151000, 2980, 1360, 0, 0, 0, 0, 0, 0, 0, 8700),
(151000, 153000, 3050, 1430, 0, 0, 0, 0, 0, 0, 0, 9000),
(153000, 155000, 3120, 1500, 0, 0, 0, 0, 0, 0, 0, 9300),
(155000, 157000, 3200, 1570, 0, 0, 0, 0, 0, 0, 0, 9600),
(157000, 159000, 3270, 1640, 0, 0, 0, 0, 0, 0, 0, 9900),
(159000, 161000, 3340, 1720, 100, 0, 0, 0, 0, 0, 0, 10200),
(161000, 163000, 3410, 1790, 170, 0, 0, 0, 0, 0, 0, 10500),
(163000, 165000, 3480, 1860, 250, 0, 0, 0, 0, 0, 0, 10800),
(165000, 167000, 3550, 1930, 320, 0, 0, 0, 0, 0, 0, 11100),
(167000, 169000, 3620, 2000, 390, 0, 0, 0, 0, 0, 0, 11400),
(169000, 171000, 3700, 2070, 460, 0, 0, 0, 0, 0, 0, 11700),
(171000, 173000, 3770, 2140, 530, 0, 0, 0, 0, 0, 0, 12000),
(173000, 175000, 3840, 2220, 600, 0, 0, 0, 0, 0, 0, 12300),
(175000, 177000, 3910, 2290, 670, 0, 0, 0, 0, 0, 0, 12600),
(177000, 179000, 3980, 2360, 740, 0, 0, 0, 0, 0, 0, 12900),
(179000, 181000, 4050, 2430, 810, 0, 0, 0, 0, 0, 0, 13200),
(181000, 183000, 4130, 2500, 880, 0, 0, 0, 0, 0, 0, 13500),
(183000, 185000, 4200, 2570, 950, 0, 0, 0, 0, 0, 0, 13800),
(185000, 187000, 4270, 2640, 1020, 0, 0, 0, 0, 0, 0, 14100),
(187000, 189000, 4340, 2720, 1100, 100, 0, 0, 0, 0, 0, 14400),
(189000, 191000, 4410, 2790, 1170, 180, 0, 0, 0, 0, 0, 14700),
(191000, 193000, 4480, 2860, 1240, 260, 0, 0, 0, 0, 0, 15000),
(193000, 195000, 4550, 2930, 1310, 340, 0, 0, 0, 0, 0, 15300),
(195000, 197000, 4620, 3000, 1380, 410, 0, 0, 0, 0, 0, 15600),
(197000, 199000, 4700, 3070, 1450, 490, 0, 0, 0, 0, 0, 15900),
(199000, 201000, 4770, 3140, 1520, 570, 0, 0, 0, 0, 0, 16200),
(201000, 203000, 4840, 3220, 1590, 650, 0, 0, 0, 0, 0, 16500),
(203000, 205000, 4910, 3290, 1660, 720, 0, 0, 0, 0, 0, 16800),
(205000, 207000, 4980, 3360, 1730, 800, 0, 0, 0, 0, 0, 17100),
(207000, 209000, 5050, 3430, 1800, 880, 0, 0, 0, 0, 0, 17400),
(209000, 211000, 5130, 3500, 1870, 960, 0, 0, 0, 0, 0, 17700),
(211000, 213000, 5200, 3570, 1940, 1040, 0, 0, 0, 0, 0, 18000),
(213000, 215000, 5270, 3640, 2020, 1120, 0, 0, 0, 0, 0, 18300),
(215000, 217000, 5340, 3720, 2090, 1200, 0, 0, 0, 0, 0, 18600),
(217000, 219000, 5410, 3790, 2160, 1280, 0, 0, 0, 0, 0, 18900),
(219000, 221000, 5480, 3860, 2230, 1360, 0, 0, 0, 0, 0, 19200),
(221000, 223000, 5550, 3930, 2300, 1440, 0, 0, 0, 0, 0, 19500),
(223000, 225000, 5630, 4000, 2370, 1520, 0, 0, 0, 0, 0, 19800),
(225000, 227000, 5700, 4070, 2440, 1600, 0, 0, 0, 0, 0, 20100),
(227000, 229000, 5770, 4140, 2510, 1680, 0, 0, 0, 0, 0, 20400),
(229000, 231000, 5840, 4220, 2580, 1760, 0, 0, 0, 0, 0, 20700),
(231000, 233000, 5910, 4290, 2650, 1840, 0, 0, 0, 0, 0, 21000),
(233000, 235000, 5980, 4360, 2730, 1920, 0, 0, 0, 0, 0, 21300),
(235000, 237000, 6060, 4430, 2800, 2000, 0, 0, 0, 0, 0, 21600),
(237000, 239000, 6130, 4500, 2870, 2080, 0, 0, 0, 0, 0, 21900),
(239000, 241000, 6200, 4570, 2940, 2160, 0, 0, 0, 0, 0, 22200),
(241000, 243000, 6270, 4640, 3010, 2240, 0, 0, 0, 0, 0, 22500),
(243000, 245000, 6340, 4720, 3080, 2320, 0, 0, 0, 0, 0, 22800),
(245000, 247000, 6410, 4790, 3150, 2400, 0, 0, 0, 0, 0, 23100),
(247000, 249000, 6480, 4860, 3220, 2480, 0, 0, 0, 0, 0, 23400),
(249000, 251000, 6560, 4930, 3290, 2560, 0, 0, 0, 0, 0, 23700),
(251000, 253000, 6630, 5000, 3360, 2640, 0, 0, 0, 0, 0, 24000),
(253000, 255000, 6700, 5070, 3440, 2720, 0, 0, 0, 0, 0, 24300),
(255000, 257000, 6770, 5140, 3510, 2800, 0, 0, 0, 0, 0, 24600),
(257000, 259000, 6840, 5220, 3580, 2880, 0, 0, 0, 0, 0, 24900),
(259000, 261000, 6910, 5290, 3650, 2960, 0, 0, 0, 0, 0, 25200),
(261000, 263000, 6980, 5360, 3720, 3040, 0, 0, 0, 0, 0, 25500),
(263000, 265000, 7060, 5430, 3790, 3120, 0, 0, 0, 0, 0, 25800),
(265000, 267000, 7130, 5500, 3860, 3200, 0, 0, 0, 0, 0, 26100),
(267000, 269000, 7200, 5570, 3930, 3280, 0, 0, 0, 0, 0, 26400),
(269000, 271000, 7270, 5640, 4000, 3360, 0, 0, 0, 0, 0, 26700),
(271000, 273000, 7340, 5720, 4070, 3440, 0, 0, 0, 0, 0, 27000),
(273000, 275000, 7410, 5790, 4140, 3520, 0, 0, 0, 0, 0, 27300),
(275000, 277000, 7480, 5860, 4210, 3600, 0, 0, 0, 0, 0, 27600),
(277000, 279000, 7560, 5930, 4280, 3680, 0, 0, 0, 0, 0, 27900),
(279000, 281000, 7630, 6000, 4350, 3760, 0, 0, 0, 0, 0, 28200),
(281000, 283000, 7700, 6070, 4430, 3840, 0, 0, 0, 0, 0, 28500),
(283000, 285000, 7770, 6140, 4500, 3920, 0, 0, 0, 0, 0, 28800),
(285000, 287000, 7840, 6220, 4570, 4000, 0, 0, 0, 0, 0, 29100),
(287000, 289000, 7910, 6290, 4640, 4080, 0, 0, 0, 0, 0, 29400),
(289000, 291000, 7980, 6360, 4710, 4160, 0, 0, 0, 0, 0, 29700),
(291000, 293000, 8060, 6430, 4780, 4240, 0, 0, 0, 0, 0, 30000),
(293000, 295000, 8130, 6500, 4850, 4320, 0, 0, 0, 0, 0, 30300),
(295000, 297000, 8200, 6570, 4920, 4400, 0, 0, 0, 0, 0, 30600),
(297000, 299000, 8270, 6640, 4990, 4480, 0, 0, 0, 0, 0, 30900),
(299000, 301000, 8340, 6720, 5060, 4560, 0, 0, 0, 0, 0, 31200),
(301000, 303000, 8410, 6790, 5130, 4640, 0, 0, 0, 0, 0, 31500),
(303000, 305000, 8480, 6860, 5200, 4720, 0, 0, 0, 0, 0, 31800),
(305000, 307000, 8560, 6930, 5270, 4800, 0, 0, 0, 0, 0, 32100),
(307000, 309000, 8630, 7000, 5350, 4880, 0, 0, 0, 0, 0, 32400),
(309000, 311000, 8700, 7070, 5420, 4960, 0, 0, 0, 0, 0, 32700),
(311000, 313000, 8770, 7140, 5490, 5040, 0, 0, 0, 0, 0, 33000),
(313000, 315000, 8840, 7220, 5560, 5120, 0, 0, 0, 0, 0, 33300),
(315000, 317000, 8910, 7290, 5630, 5200, 0, 0, 0, 0, 0, 33600),
(317000, 319000, 8980, 7360, 5700, 5280, 0, 0, 0, 0, 0, 33900),
(319000, 321000, 9060, 7430, 5770, 5360, 0, 0, 0, 0, 0, 34200),
(321000, 323000, 9130, 7500, 5840, 5440, 0, 0, 0, 0, 0, 34500),
(323000, 325000, 9200, 7570, 5910, 5520, 0, 0, 0, 0, 0, 34800),
(325000, 327000, 9270, 7640, 5980, 5600, 0, 0, 0, 0, 0, 35100),
(327000, 329000, 9340, 7720, 6050, 5680, 0, 0, 0, 0, 0, 35400),
(329000, 331000, 9410, 7790, 6120, 5760, 0, 0, 0, 0, 0, 35700),
(331000, 333000, 9490, 7860, 6200, 5840, 0, 0, 0, 0, 0, 36000),
(333000, 335000, 9560, 7930, 6270, 5920, 0, 0, 0, 0, 0, 36300),
(335000, 337000, 9630, 8000, 6340, 6000, 0, 0, 0, 0, 0, 36600),
(337000, 339000, 9700, 8070, 6410, 6080, 0, 0, 0, 0, 0, 36900),
(339000, 341000, 9770, 8140, 6480, 6160, 0, 0, 0, 0, 0, 37200),
(341000, 343000, 9840, 8220, 6550, 6240, 0, 0, 0, 0, 0, 37500),
(343000, 345000, 9920, 8290, 6620, 6320, 0, 0, 0, 0, 0, 37800),
(345000, 347000, 9990, 8360, 6690, 6400, 0, 0, 0, 0, 0, 38100),
(347000, 349000, 10060, 8430, 6760, 6480, 0, 0, 0, 0, 0, 38400),
(349000, 351000, 10130, 8500, 6830, 6560, 0, 0, 0, 0, 0, 38700),
(351000, 353000, 10200, 8570, 6900, 6640, 0, 0, 0, 0, 0, 39000),
(353000, 355000, 10280, 8640, 6970, 6720, 0, 0, 0, 0, 0, 39300),
(355000, 357000, 10350, 8720, 7040, 6800, 0, 0, 0, 0, 0, 39600),
(357000, 359000, 10420, 8790, 7120, 6880, 0, 0, 0, 0, 0, 39900),
(359000, 361000, 10490, 8860, 7190, 6960, 0, 0, 0, 0, 0, 40200),
(361000, 363000, 10560, 8930, 7260, 7040, 0, 0, 0, 0, 0, 40500),
(363000, 365000, 10630, 9000, 7330, 7120, 0, 0, 0, 0, 0, 40800)